TRB: 1.7631929186553252
TO: 0.6393623840001712
SOS: 7.36450793552582
Momentum: 0.021012682624894433
Efficiency: 0.039332551874330664
Avg Score: 60.87845157455317
