TRB: 4.894536779378976
TO: 2.845769546674047
SOS: 7.634671031582502
Momentum: 0.0728926701234642
Efficiency: 0.02163211162730188
Avg Score: 36.567788520609945
