TRB: 2.1948928405151173
TO: 1.9758800539599568
SOS: 5.530416487636025
Momentum: 0.08367323038980816
Efficiency: 0.018516577775490064
Avg Score: 173.6
